4497
4498
4499
4500
4501
4502
4503
4504
4505
4506
4507
4509
4510
4511
4518
4519
4520
4521
4522
4523
4524
4525
4526
4527
4528
4529
4530
4531
4532
4533
4534
4535
4536
4537
4538
4539
4540
4541
4542
4543
4544
4545
4548
4549
4551
4552
4553
4556
4557
4562
4567
4569
4572
4577
4579
4581
4584
4585
4587
4589
4590
4591
4593
4595
4596
4598
4599
4600
4603
4663
4664
4665
4666
4667
4670
4671
4672
4673
4674
4676
4677
4678
4680
4681
4682
4683
4685
4689
4690
4691
4692
4693
4694
4695
4696
4697
4699
4700
4701
4704
4706
4707
4709
4716
4717
4718
4720
4721
4722
4723
4726
4727
4728
4729
4730
4731
4734
4737
4738
4739
4746
4749
4750
4751
4755
4756
4757
4762
4763
4764
4765
4766
4768
4769
4770
4772
4773
4774
4776
4777
4778
4779
4783
4785
4787
4789
4790
4791
4792
4794
4798
4800
4805
4807
4808
4810
4811
4812
4813
4815
4817
4818
4819
4820
4822
4823
4824
4825
4826
4828
4829
4830
4831
4832
4834
4835
4836
4839
4840
4841
4842
4843
4844
4845
4846
4847
4848
4849
4850
4851
4852
4853
4854
5285
5286
5288
5289
5290
5291
5292
5293
5294
5295
5297
5298
5299
5300
5301
5302
5303
5304
5305
5306
5307
5308
5309
5310
5311
5312
5313
5314
5315
5316
5317
5318
5319
5320
5321
5322
5323
5324
5325
5326
5327
5328
5329
5330
